Enter the start state matrix 
Enter the goal state matrix 
Execution Time for BFS: 2.22513484954834 seconds
Length of solution_path (BFS): 28

Trying to print solution path...

Solution Path (BFS):
State: 
7 2 4
5 6 0
8 3 1
********************


State: 
7 2 0
5 6 4
8 3 1
********************


State: 
7 0 2
5 6 4
8 3 1
********************


State: 
7 6 2
5 0 4
8 3 1
********************


State: 
7 6 2
5 3 4
8 0 1
********************


State: 
7 6 2
5 3 4
0 8 1
********************


State: 
7 6 2
0 3 4
5 8 1
********************


State: 
0 6 2
7 3 4
5 8 1
********************


State: 
6 0 2
7 3 4
5 8 1
********************


State: 
6 3 2
7 0 4
5 8 1
********************


State: 
6 3 2
7 8 4
5 0 1
********************


State: 
6 3 2
7 8 4
5 1 0
********************


State: 
6 3 2
7 8 0
5 1 4
********************


State: 
6 3 2
7 0 8
5 1 4
********************


State: 
6 3 2
7 1 8
5 0 4
********************


State: 
6 3 2
7 1 8
0 5 4
********************


State: 
6 3 2
0 1 8
7 5 4
********************


State: 
0 3 2
6 1 8
7 5 4
********************


State: 
3 0 2
6 1 8
7 5 4
********************


State: 
3 1 2
6 0 8
7 5 4
********************


State: 
3 1 2
6 5 8
7 0 4
********************


State: 
3 1 2
6 5 8
7 4 0
********************


State: 
3 1 2
6 5 0
7 4 8
********************


State: 
3 1 2
6 0 5
7 4 8
********************


State: 
3 1 2
6 4 5
7 0 8
********************


State: 
3 1 2
6 4 5
0 7 8
********************


State: 
3 1 2
0 4 5
6 7 8
********************


State: 
0 1 2
3 4 5
6 7 8
********************


